spawns: 
  default: 
    world: Spawn
    x: -80.56569186523362
    y: 13.0
    z: 78.91608222349035
    yaw: 0.8998718
    pitch: -16.500004
