world: world
x: 411.1287921465978
y: 62.0
z: 164.44943534262546
yaw: -271.35004
pitch: -1.6500603
name: abbau
