world: Spawn
x: -57.495975713121446
y: 5.0625
z: -27.189599169762072
yaw: -91.052795
pitch: -1.3500221
name: info
