world: Spawn
x: 12.300000011920929
y: 5.0
z: 98.8200756696818
yaw: -94.052795
pitch: -17.550024
name: info1
