world: plotworld
x: 0.544773922388965
y: 65.0
z: 1.4033736288823093
yaw: -0.104003906
pitch: -3.8999968
name: plotme
