world: pvp_free
x: 107.1469369920147
y: 69.0
z: 163.56542742469392
yaw: 64.95014
pitch: -20.250069
name: pvp
